[gd_scene load_steps=6 format=3 uid="uid://8t4cbcguyj2b"]

[ext_resource type="Material" uid="uid://clqtr71ktqkq6" path="res://Materials/SunMaterial.tres" id="1_56pn4"]

[sub_resource type="SphereMesh" id="SphereMesh_qxed4"]

[sub_resource type="SphereMesh" id="SphereMesh_7u4mk"]
radius = 0.15
height = 0.3

[sub_resource type="Animation" id="Animation_q32u5"]
resource_name = "SunSpinner"
length = 2.0
loop_mode = 1
step = 0.5
tracks/0/type = "rotation_3d"
tracks/0/imported = false
tracks/0/enabled = true
tracks/0/path = NodePath("MiniSunRotation1")
tracks/0/interp = 1
tracks/0/loop_wrap = true
tracks/0/keys = PackedFloat32Array(0, 1, 0, 0, 0, 1, 0.5, 1, 0, -0.707107, 0, 0.707107, 1, 1, 0, 1, 0, 4.37114e-08, 1.5, 1, 0, 0.707107, 0, 0.707107, 2, 1, 0, 0, 0, 1)
tracks/1/type = "rotation_3d"
tracks/1/imported = false
tracks/1/enabled = true
tracks/1/path = NodePath("MiniSunRotation2")
tracks/1/interp = 1
tracks/1/loop_wrap = true
tracks/1/keys = PackedFloat32Array(0, 1, 0, 0, 0, 1, 0.5, 1, 0, 0, 0.707107, 0.707107, 1, 1, 0, 0, 1, -4.37114e-08, 1.5, 1, 0, 0, -0.707107, 0.707107, 2, 1, 0, 0, 0, 1)
tracks/2/type = "rotation_3d"
tracks/2/imported = false
tracks/2/enabled = true
tracks/2/path = NodePath("MiniSunRRHolder/MiniSunRotation3")
tracks/2/interp = 1
tracks/2/loop_wrap = true
tracks/2/keys = PackedFloat32Array(0, 1, 0, 0, 0, 1, 0.5, 1, 0, 0.498794, -0.498794, 0.708808, 1, 1, 1.34679e-07, 0.707072, -0.707072, -0.0098729, 1.5, 1, 0.00205307, -0.498542, 0.498542, 0.70916, 2, 1, 0, 0, 0, 1)

[sub_resource type="AnimationLibrary" id="AnimationLibrary_yabqk"]
_data = {
"SunSpinner": SubResource("Animation_q32u5")
}

[node name="Sun" type="Node3D"]

[node name="MainSun" type="MeshInstance3D" parent="."]
mesh = SubResource("SphereMesh_qxed4")
surface_material_override/0 = ExtResource("1_56pn4")

[node name="OmniLight3D" type="OmniLight3D" parent="."]
light_color = Color(0, 1, 1, 1)
light_energy = 2.5
omni_range = 35.0
omni_attenuation = 0.00533609

[node name="MiniSunRotation1" type="Node3D" parent="."]
transform = Transform3D(0.931205, 0, 0.364495, 0, 1, 0, -0.364495, 0, 0.931205, 0, 0, 0)

[node name="MiniSun" type="MeshInstance3D" parent="MiniSunRotation1"]
transform = Transform3D(1, 0, 0, 0, 1, 0, 0, 0, 1, 0, 0, -1.00304)
mesh = SubResource("SphereMesh_7u4mk")
surface_material_override/0 = ExtResource("1_56pn4")

[node name="MiniSunRotation2" type="Node3D" parent="."]
transform = Transform3D(0.931205, 0.364495, 0, -0.364495, 0.931205, 0, 0, 0, 1, 0, 0, 0)

[node name="MiniSun" type="MeshInstance3D" parent="MiniSunRotation2"]
transform = Transform3D(1, 0, 0, 0, 1, 0, 0, 0, 1, 0, 1, 0)
mesh = SubResource("SphereMesh_7u4mk")
surface_material_override/0 = ExtResource("1_56pn4")

[node name="MiniSunRRHolder" type="Node3D" parent="."]
transform = Transform3D(1, 0, 0, 0, 0.707107, -0.707107, 0, 0.707107, 0.707107, 0, 0, 0)

[node name="MiniSunRotation3" type="Node3D" parent="MiniSunRRHolder"]
transform = Transform3D(0.931709, -0.256967, -0.256685, 0.256685, 0.965854, -0.0352034, 0.256967, -0.0330881, 0.965854, 0, 0, 0)

[node name="MiniSun" type="MeshInstance3D" parent="MiniSunRRHolder/MiniSunRotation3"]
transform = Transform3D(1, 0, 0, 0, 1, 0, 0, 0, 1, 0, 1, 0)
mesh = SubResource("SphereMesh_7u4mk")
surface_material_override/0 = ExtResource("1_56pn4")

[node name="AnimationPlayer" type="AnimationPlayer" parent="."]
autoplay = "SunSpinner"
libraries = {
"": SubResource("AnimationLibrary_yabqk")
}
